183408
238403
115364
117673
236603
138734
239856
228210
55486
57369
71753
162959
182826
72442
96472
61134
158503
114581
51734
150799
52394
72261
240275
139834
68833
204424
51817
144289
52932
57809
141295
230449
87580
86465
236612
237272
150647
234812
149679
63633
119281
220001
67825
242515
105263
207750
105772
162713
240974
236005
127522
243972
233349
64479
202095
132995
158061
65418
68842
105165
51292
51830
148235
141387
160310
78428
115206
149688
213843
162961
88699
158501
135924
73737
102361
241922
147452
184526
161949
169457
52930
229396
57807
141293
60124
160838
230447
116565
86463
138286
106372
161004
203840
73560
147129
54123
123608
162711
181722
166903
85964
153036
64477
65592
151236
152351
171103
68840
241505
229146
51824
51290
124174
241847
205967
118457
149686
219750
136524
207077
67832
159189
66717
88697
138382
53530
229336
135922
122481
157927
76195
228651
73735
219143
161947
169455
238404
115365
117674
239857
150560
66540
65425
60122
63375
239861
208177
194031
227100
54376
106370
196678
72443
109902
108537
62108
181720
235600
121375
222497
226601
107245
71009
241503
244756
78341
214441
185990
149684
67830
159187
151679
227451
103752
56806
163662
236010
52956
163236
164689
153043
214631
153552
171110
158600
127175
72187
54658
140732
71869
67409
133107
147893
238847
131992
158252
152118
65868
66983
158619
70494
205822
72118
105360
156819
157934
79734
218294
61240
167153
58247
163328
110862
238244
68259
208184
69883
68768
57122
196685
172229
59005
106744
78016
163660
108627
61259
232697
51066
80779
153041
238150
139166
224387
237828
173246
193113
241510
58506
123010
226441
52773
244763
212394
243652
107594
228833
75976
140730
160426
187880
132675
150233
207082
208276
158250
72033
103329
69975
157928
56813
72292
55164
208280
103333
157932
162128
204964
140382
66291
83243
183957
164779
117537
153133
156386
64858
87694
244062
115996
223794
69881
104179
106488
74077
226533
228842
100241
224733
58602
242629
124129
218223
65875
83433
220218
158626
73240
72125
89934
51857
59365
156826
157941
54062
75123
224385
157515
148007
73323
58254
244761
237136
68266
87018
173347
230317
160424
154340
169919
138156
239278
61956
159726
108096
159192
72031
103327
69973
94036
52957
56811
142969
241953
71175
52702
103331
125336
233134
142973
219259
111289
238950
237835
73332
57148
59457
243655
227642
209320
243229
54663
74359
243488
159891
234489
129601
168279
130373
113529
150240
217791
116498
232718
234493
151008
68103
161969
65873
112418
83431
223185
158624
157509
72123
51855
52970
55538
240425
149120
148005
58252
97635
72749
216357
169834
64865
68264
120370
74084
223116
192356
52872
85475
51252
52446
55699
163519
94034
101809
142967
60320
230927
161978
145965
238944
111287
152474
151359
135346
138599
73330
95335
216107
57939
147667
72048
74357
243486
231009
214311
168732
118296
110788
138163
111218
113527
116951
206256
103334
125339
70522
113531
112416
159307
104023
158622
240419
51853
111296
50997
68204
81223
156391
64863
54161
72057
204646
74366
56044
142373
125245
177819
148081
71881
74449
127387
210549
242893
231076
65880
158631
72130
240428
51862
58255
200189
152472
151357
220565
240432
148012
105568
106683
72756
57937
139272
65302
68271
65899
138161
207198
223891
205398
58445
125337
79506
145204
102931
70520
160532
83017
148966
54595
174892
195953
228772
227657
167693
161559
111294
78904
151366
228082
57153
52898
114659
243518
207638
72055
74364
56042
214147
165315
113534
172250
63060
231358
215345
84914
112423
110907
237859
207461
80805
53489
240426
51860
103683
242994
161284
109675
52378
220563
240430
148010
105566
106681
71639
67100
216362
213902
159930
65897
145202
214410
113117
83015
99709
161983
153590
152475
66146
215437
110891
159406
151364
204129
105575
172684
243942
57151
78212
140849
57944
204897
160716
74646
95707
160720
152665
54089
159058
176695
203801
65989
84912
150439
159062
52293
53487
228349
167191
55541
110215
236482
64188
215529
213900
75056
72062
231023
163268
160274
213298
163272
239407
231365
66428
85581
237866
226049
53496
156949
63943
69935
200987
208495
52385
73446
54009
105573
243940
216110
141962
203036
68389
147528
62935
69328
54087
137594
103621
107304
54625
213302
112009
164220
163105
227153
185085
94672
161564
183740
139296
68829
51279
73171
53333
136919
72060
57525
231021
164381
73797
233163
110658
159603
151561
66426
67541
171507
150446
227162
53494
70901
54717
147439
71561
242064
208493
52383
75753
147443
146328
95958
183832
215536
150803
235912
151463
68387
112873
171668
61818
69326
191794
137592
128084
54623
141896
66435
233255
67095
61132
168239
112011
223062
112804
81337
139294
68827
195550
51277
52392
55131
141289
244206
55640
58893
57778
124591
51815
160721
51281
229646
103638
140178
142487
72851
73795
85348
69335
236155
180930
152670
54094
136486
71501
138540
66708
159601
120330
55292
88600
174758
227160
205777
66527
158055
165763
116212
147441
184515
161938
64193
215534
202093
235401
150801
75061
172781
160304
52993
72689
91612
108670
164755
234364
117058
66433
203218
172458
179022
51192
226054
112802
52415
203222
52390
71142
58916
75760
125274
147450
72595
146335
236604
79526
63625
86461
85346
218879
69333
137169
54092
197079
136484
158489
56259
209909
54630
56768
100828
68834
69778
88701
179907
229399
218785
83736
206817
207932
51822
107299
220951
72687
217944
148995
235047
211526
213835
148569
135407
66715
234900
54722
146079
76193
227534
72618
73733
124612
168338
63369
114248
115363
236602
153097
82801
65423
105170
193340
155151
115446
54374
241311
158487
56257
72779
121804
61133
211109
143525
59764
81342
118801
227088
229397
141294
103898
160839
241501
51820
140976
149678
230452
68509
236160
66709
67824
236953
112970
158496
66713
162545
65593
110338
112647
164937
237035
64482
214708
84687
67730
241848
148234
72185
57366
208707
149687
244562
227718
223609
162960
216669
135923
103045
119910
113751
196522
72116
240301
75085
122139
76308
78617
60123
167151
180704
145768
238747
239862
160841
63630
230450
113144
68766
236951
72277
209914
143023
69964
52948
51299
142676
162543
137022
65591
152350
169988
220443
69783
190113
217959
172129
173244
84685
72208
51656
157569
52771
228827
241846
72183
122402
103479
149685
230033
237219
118798
157133
57212
106296
76194
241498
71684
220182
73308
88808
156815
157930
162126
140380
217175
161950
180702
183955
115197
239860
214974
213859
224218
114879
68764
119927
225416
227725
72275
106995
209912
232689
162541
166988
169986
71008
156824
71012
73321
238328
114095
136521
233818
159186
68773
67658
84531
60839
135239
139857
158609
159190
103325
229333
57210
52955
106294
163235
241496
227792
237829
65172
164942
237833
243653
224216
100517
165196
108534
71868
214023
54661
74073
106993
98896
210966
186599
130371
216674
158618
65612
156818
157933
65871
232691
72121
71006
68948
156822
75090
60412
238243
114544
145773
236727
68258
80083
155276
113433
85469
68262
152791
68771
52870
78015
57747
193802
51588
52953
94032
240834
147220
217113
180699
173245
152977
68957
65963
237831
236716
68961
59453
58338
107593
244595
198502
219074
160425
61957
211649
169924
138499
159731
103332
157931
195949
120798
202654
240843
140381
240417
51851
156820
50995
125929
97886
161275
164778
76311
145771
113686
67855
75191
155274
64861
173341
73249
109230
223905
234494
68104
83432
210547
217111
160859
80012
133029
157514
71013
58253
202746
160169
76320
52094
58336
139270
138155
85476
87021
51253
154706
169922
113523
159049
138497
225004
133728
103330
163069
142972
224657
235016
167432
72739
242983
149198
111292
64600
67853
72049
243487
179586
125496
159748
72053
74362
73247
104180
76671
52979
127379
77439
232183
234492
68102
184295
113532
112417
189343
171133
65901
115924
86766
157512
220557
240424
58251
70439
161282
160167
113434
73946
56818
138153
117885
51251
179340
191244
127388
57326
228764
142970
199628
161981
160866
64599
152473
151358
66144
84549
151362
150247
72047
104458
74356
243485
124041
177809
140847
204895
179584
76239
125494
79663
147670
111217
113526
71729
113021
113530
159056
82856
54596
153602
155911
242477
206597
194589
228773
163076
206342
226038
53485
51176
240422
72746
160449
215498
117115
72056
65889
230571
196036
151963
163266
149562
164205
143937
70627
163520
210552
218060
83011
148789
167712
200188
152471
52379
240431
106682
70446
72755
57936
51268
204918
74638
72329
104456
105571
51777
70529
71644
56825
57940
138160
60595
225005
66837
24460
221439
54085
159054
238964
51625
176691
221948
54594
52285
125340
228771
53508
93722
224946
213300
143236
183734
110207
238274
138179
114658
159749
72054
203278
56041
208326
84898
51869
71736
54608
61543
239658
159063
133233
110906
66850
52294
83802
65309
205518
242058
200979
52377
53492
228354
104371
156945
106680
70444
72753
64189
244621
146326
214419
65896
151461
153599
89162
54617
102757
102502
58809
107300
102761
224944
186192
215436
52386
82529
138177
114656
68825
221260
208579
51275
121591
55208
244204
71651
140852
108655
113022
214144
52982
71734
72678
168310
125866
68218
159061
133231
236662
111848
175583
227154
226039
51177
204577
74297
108503
102770
53515
120407
242056
226043
53490
179804
205775
74551
156943
128683
64187
79687
215528
155138
156253
215532
214417
153088
69068
130932
153597
104046
129191
171664
163271
54615
125875
166348
237072
212186
123820
186190
112003
216378
61383
150451
66431
159153
208494
226052
52384
156952
155837
139824
53607
147444
72589
146329
72760
70451
51273
151987
192915
58459
146333
71478
72593
103889
231099
67277
137593
85344
69331
68216
151551
54090
197077
136482
111846
227152
53513
123658
181259
81338
86361
65408
68832
156251
103639
140179
108153
71487
72852
73796
54530
206815
107297
205959
160300
233162
163098
72685
74994
217487
213833
151560
66425
67540
150445
135376
111855
227161
216376
159151
242063
80642
226050
125721
156950
109537
53605
54720
147442
104998
215535
124610
226926
146331
103887
163797
114246
116555
157028
67275
137591
171671
124258
107301
52313
54622
195559
71324
141640
72777
53511
55649
60016
168238
142408
112010
181257
167553
81336
233337
69515
68830
203306
68659
103128
51280
151994
229395
141292
140177
59581
108151
71485
103896
73794
230446
165860
72683
149676
213831
66707
235836
135374
111853
157379
204582
205776
225217
51549
52664
244199
242061
124604
53603
147440
64476
116470
66530
65415
131906
68413
185971
153093
92300
208705
78425
145317
181172
212191
72775
161843
131274
236250
139575
81334
200482
189556
238388
203221
242070
150794
179363
225735
199059
51303
53612
103126
106550
75083
141290
192920
103894
125899
218878
86034
218623
86293
53264
67649
66705
235834
222393
157377
158492
240289
146524
123663
160737
143530
142415
180604
109788
77832
181264
73982
72867
92734
61221
64474
77915
218784
80232
83735
65413
68666
69781
199322
83568
51654
59162
148230
72181
122400
72690
149683
148568
66714
213667
230540
87579
230878
207157
157131
76192
55239
124611
231044
109542
53610
198906
166028
75615
142507
235495
216058
160833
180700
82124
182838
115195
116389
83577
72440
71075
72269
107419
78432
53262
68762
67647
226608
220875
195564
72273
209910
76206
101940
146522
183855
60280
239760
81341
213759
236595
69520
80230
68664
83992
241838
184363
140975
54646
160842
142520
230451
144658
114089
230025
149681
159184
158069
235841
67656
157384
228216
51838
76190
162118
101523
73730
102183
104492
109540
64481
215822
214966
84686
65420
63370
81007
133001
85091
83575
228832
164079
241851
72271
105876
238393
156816
201539
226684
106125
107240
100926
68946
73313
71004
242442
208871
54644
160840
144656
234925
66456
69880
68765
204356
154159
61153
153474
113940
159182
67654
51753
226615
71165
95650
231579
141848
3220
164684
79549
166308
217958
172128
173243
159368
85907
209139
72182
104593
159622
227715
164077
198500
182144
55851
169918
142610
85985
159191
69972
62360
161959
237731
239869
158614
88807
56100
156814
202652
201537
183161
180701
146880
145765
121818
114085
213862
112569
114878
66454
68763
117617
103491
224730
51242
51751
226613
53889
108113
121896
70762
161968
232692
211910
188996
231581
71011
85905
197300
54651
78965
145857
109213
74856
169916
137038
85474
147999
60838
81365
94033
240835
54328
138495
124218
95231
52787
195945
229958
141855
107858
237832
167768
214971
67847
133545
235606
154581
241426
225413
177525
178469
149010
108111
223901
211654
168021
94281
146638
234490
68100
184293
161966
112415
239367
232690
170016
239876
158621
240418
156821
201544
209052
50996
157510
244076
208196
220555
133818
243132
69895
52879
160165
53818
237131
181735
146970
68261
219602
233815
169914
138151
137036
239273
214637
85472
147997
94031
70339
242892
144847
228762
141853
94907
109656
114023
216089
160864
151356
69645
134228
237830
125150
66989
173081
229349
72045
74354
73239
243483
78546
62361
113524
138498
146636
112413
170014
135078
175576
154001
240416
51850
195952
227656
52109
120116
50994
72999
107865
96265
71629
72744
123623
110182
160163
80447
173340
52187
203528
179841
236811
238949
175482
55009
242631
57318
70337
130318
233920
216087
167539
151354
68278
137479
105565
100262
56819
160172
215246
121832
110015
243481
52969
70527
120976
169921
113522
116775
159048
138496
225003
240331
57327
154254
240840
237847
205140
175574
243667
124223
227654
122707
242982
151363
150248
65034
204128
157071
181506
236046
61693
159747
52185
72052
74361
52978
223902
77438
165312
55692
70619
54606
71279
144334
214227
183183
111305
88139
214995
240423
82944
52375
155828
105563
70442
73945
160170
230572
65894
159046
57325
101811
228763
99706
161980
160865
105298
227652
229961
242980
185075
214319
167546
68819
151361
65032
51269
54008
138709
71645
177558
204130
159745
72050
55206
52976
70534
71728
240857
56659
111220
159055
99871
238965
239370
60683
88137
65731
240421
54423
99005
74119
236049
155826
128681
70440
64185
215526
112070
155136
201224
54609
70088
153595
154789
170547
162154
54613
67085
68279
184922
115763
68817
158036
114648
68283
207377
208492
51267
52382
155835
146327
71643
217389
55204
161400
212086
145216
72841
70532
56657
232462
69325
53507
226035
73178
193475
92439
63494
82246
164638
135184
51276
160450
215524
85244
65406
208584
107036
71735
72679
146419
125867
106689
51872
71568
54611
167200
98337
65308
66423
110738
119611
242057
226044
156944
155829
104199
70443
158034
207375
51265
52380
204915
155833
154718
126458
146325
229889
64192
215533
214418
153089
68384
112870
155143
231629
113129
69323
239396
197069
128081
126281
52311
53505
54449
54620
224943
162670
163100
216379
58812
73176
179260
73969
216124
55647
211585
135207
237160
138176
214583
115599
68824
114655
204131
51274
67968
55207
138714
244203
65404
114488
208582
228278
140175
79525
228787
71483
102779
72677
75416
214940
66167
136483
111847
163887
66421
135372
111851
110736
242055
237688
226042
205774
156942
70191
79686
155831
59564
108418
53601
146323
123746
94588
161651
63075
64190
215531
214416
164219
153087
87134
155141
103189
227426
56247
54447
61382
210414
150450
66430
67090
110745
60012
161841
216915
110319
189554
188439
68822
202104
150792
51272
138712
244201
146332
71477
72592
145217
103888
109087
51810
163798
102518
87916
140173
58462
71481
102777
103892
69330
238288
136481
205259
158486
71325
223326
235832
204148
157375
100825
79175
142413
181262
74915
65407
240879
219467
68405
65411
114495
240189
228794
71490
72684
74993
146683
227174
106978
54729
148566
57698
110743
242062
156269
237695
102179
205781
117929
89886
237269
156014
202102
108425
146330
72590
103886
142505
163796
114245
67274
115443
66447
158484
55139
77315
72776
105617
52938
145831
77290
53598
161418
76204
100823
72780
142411
181260
183398
151993
228279
141291
192921
59580
67547
68662
157730
83990
90495
228283
227168
76106
53529
72682
149675
236950
148564
66710
158067
66539
234724
89375
225216
51298
156267
157382
54037
225475
100832
92735
167135
223675
51552
72613
103375
108423
94593
56248
61397
208170
82458
66445
159167
52398
158482
72265
140272
107415
105615
160477
238387
157132
65604
231568
230883
238391
237276
213755
229392
105008
106123
103893
160834
91178
125898
159866
90493
104582
223512
230017
145055
240978
236009
112026
66704
67648
235833
219820
158491
72274
159180
158065
69961
67652
66537
68846
106284
51296
101515
102630
71163
157380
162540
161425
78349
73981
92733
210511
237285
119035
72870
169275
68410
204339
59161
176318
72180
103476
53536
240987
227713
220865
72263
241926
148571
135238
238840
237725
157130
158074
193348
64746
65861
70057
86922
54044
154758
239867
68938
156812
75080
161008
201535
109115
106121
148757
216057
145763
144648
129750
213856
83576
66448
66452
67646
80665
72272
223613
100574
72781
229321
56597
105622
211111
226611
178723
71161
106820
215562
168868
110331
213762
68947
65160
131989
67836
204087
112982
241841
223348
53534
149680
77848
159183
158068
67655
181818
116484
158072
108708
156810
140738
145761
236715
83574
155264
154149
153464
114874
66450
105366
227720
72270
225749
105620
78771
99832
238392
125291
237306
161964
188224
157504
69889
118630
241076
201542
209050
160159
223263
137979
150998
229764
226599
211128
112315
112824
159181
69962
67653
71164
158070
231582
212145
98730
111282
112476
114021
150239
236713
159371
132426
72039
209142
109214
53541
157938
158598
77429
146889
153139
64751
201536
85812
115380
134132
239872
157502
240414
69887
75198
226539
201540
123617
124732
57385
50992
107863
235607
213861
160161
112568
163664
53814
181731
172223
212750
113766
114881
241431
108112
131833
56093
75638
55007
161967
53892
232265
56969
231580
219329
68952
241083
151352
150237
68526
152546
67841
197387
72037
104448
209140
56817
55168
96605
147998
165301
181823
146887
81902
138494
65718
63918
70060
69885
52869
71087
123615
150246
218227
87262
139619
65879
232699
61691
112570
73244
72129
103062
157945
191232
70079
223900
207716
161965
75636
148779
216250
60140
111303
69894
241081
160164
104446
105561
227744
70519
71634
72294
235447
116003
119765
70338
84360
159044
81900
88043
68969
56208
225337
139715
70342
228761
227646
92856
216088
99249
146988
95399
146733
150244
72044
243482
70528
203777
179581
91055
55175
223644
206516
104200
207631
78545
73242
51859
59367
52974
71726
157943
147241
107536
239364
112412
146894
156397
68268
52367
69892
142095
72743
54421
160162
54930
106753
186530
63068
214409
109751
84129
131075
153589
84897
54607
202675
207723
206608
145450
170545
70340
199623
216086
68277
150242
72042
104453
157687
56822
91053
123464
168046
214393
213278
167699
56655
68208
159051
237846
68976
119855
156395
122706
54165
242981
223828
88926
72741
148085
236045
164636
61692
218232
111999
81897
158126
153587
104036
159750
52981
71733
70618
226194
54605
53411
207721
243939
214485
60684
216109
167536
231696
65306
68275
88142
213883
139021
155827
201915
70441
135964
86709
154716
104451
243762
145208
229887
56820
91051
214391
67267
116801
222119
154794
209613
53503
122704
54163
199630
185074
224941
223826
169854
106950
149223
65031
165745
210468
169428
52901
146567
138174
114653
113538
219708
55205
70533
55180
107537
158633
78408
71731
72675
186203
214483
60682
111845
118238
204290
65304
110734
155316
88140
226040
155825
57249
56564
213191
124938
63073
214414
23368
153594
152479
235450
137581
67265
71740
71569
54612
107379
102076
170550
106694
96288
209611
72767
53501
121337
93294
148791
169852
68282
80641
219623
213890
179355
155834
154719
180929
230592
68820
67171
191004
51270
66849
204920
55203
138710
157692
145215
71475
70531
129202
222816
56656
213283
71558
68213
218590
213821
85679
154116
111843
157369
73177
53510
55648
122711
54170
142407
159932
57702
117918
71915
122544
225975
180145
74913
166441
65405
150085
203280
153083
153592
60699
86015
67263
154022
56410
71567
54610
235042
75759
162518
66422
71571
147449
189546
65311
242060
179353
172789
155832
108419
53602
94589
51097
135798
145213
71473
102769
103884
54629
93478
229892
162679
214421
113128
23375
189903
66157
237595
68211
85677
82683
161842
124597
108584
160986
167550
189555
163725
225973
180143
183396
74911
65403
228277
87917
140174
191804
71482
102778
72676
159607
75415
162688
53498
72680
148558
71565
209353
163886
189202
66420
65055
204149
135371
110735
119187
202099
239491
156265
117925
172787
108417
53600
241995
104993
52744
74920
73805
141812
142756
65412
127937
71755
162168
54627
166022
94591
93476
217672
69070
66439
114579
179028
67099
62501
56246
241388
101392
57699
206902
52396
70204
55135
204397
54450
160725
214071
216380
213749
100125
87832
221114
237274
111516
80220
220258
119817
112969
205698
140172
105006
58461
109624
72958
71480
102776
103891
121528
159605
77981
102780
54719
148556
240976
144902
85175
158059
235831
156259
157374
202097
151920
150805
78059
122545
123489
106282
105167
51294
156263
54033
93416
161423
160308
124178
71499
91616
65410
114494
67548
68663
234368
118177
83991
217670
213845
66437
172633
204337
179026
58044
227173
205961
154649
52419
54728
201852
71572
206900
57697
52928
126393
58895
202101
63629
64744
175024
104491
117932
154472
243117
108424
106374
205696
105004
54634
57887
124779
81006
144646
133000
61398
82459
66446
235575
158483
176041
67644
66529
68838
80663
157372
100822
228204
56595
168240
142410
207936
51826
76712
183397
80223
160306
71497
105703
236166
220265
234821
68661
87413
112976
171692
206899
105013
53528
159612
240979
208018
227171
102357
243977
240190
182134
54726
148563
52417
53532
107664
70998
239492
158066
66538
234723
89374
238406
51297
156266
176133
157381
134119
239859
156011
194029
63627
102180
172792
108422
178784
122919
237369
106910
62252
144644
82457
232604
66444
135929
154147
241393
105080
155345
226603
76201
207934
99830
238390
112632
237275
234281
68943
67828
155702
200425
225570
105011
127016
197628
140799
144653
128640
114084
211097
101954
240981
236012
168257
158064
69960
67651
66536
65851
51295
71162
241485
138735
124179
78348
228211
196595
79546
105710
90765
112474
67837
204088
85904
212226
133109
236711
83570
135927
208025
73999
54733
242614
99148
61242
239866
134635
116313
156811
187869
63634
201534
106120
243122
228303
67826
155700
158498
103748
57383
143027
144651
67395
118808
154154
153039
110766
99847
67140
155352
51831
168867
149689
230463
211026
218897
237649
130794
67835
85902
208019
53817
208278
121824
72799
72035
57216
208023
55166
168264
214636
96603
144743
181817
110349
219150
158071
233363
181821
146885
239864
214978
132608
84698
190209
63916
243120
166312
107855
165456
72279
209916
215995
67393
87260
157939
154152
64933
65877
139617
158599
178466
102371
52431
72127
156828
194992
244504
183175
199869
75634
74519
161963
187108
69888
239447
230461
208193
159361
68777
67833
152797
80852
85900
226598
101955
229337
56784
107947
180617
163239
147485
214634
133208
238948
110347
55008
65969
70336
221143
155697
114798
214976
53212
165454
67842
132425
117356
235601
157937
154150
139615
204969
178464
54058
55173
206514
77428
78543
99070
149118
74434
146888
164446
110101
239362
63385
75632
146892
112410
69886
52106
71088
57384
84788
234935
220379
69890
68775
95147
178370
160160
53813
97710
163237
113765
114880
85037
234328
238946
55006
58259
123013
65967
71278
75641
162400
199621
216084
234151
152119
66984
86851
55167
224296
72040
103336
139613
202658
178462
54056
55171
154941
77426
167438
149116
238162
213276
88044
111298
65717
115661
146890
237844
168895
115999
118738
105297
63921
156393
155278
227651
52104
53557
59720
107860
126612
53302
148083
57749
71883
62375
81127
232698
60575
191231
65882
239629
221419
196108
54065
205406
51864
58257
70616
229695
203865
54603
124748
145809
123099
76324
166336
68269
88136
214992
213877
69893
216616
166419
230579
114638
68273
87025
240762
72293
109752
53820
180372
126963
213274
234335
158187
55013
65974
70341
85841
54157
223824
77869
164628
214291
234496
61713
69221
202156
89935
81893
157942
139620
203780
221417
54063
129256
149123
148008
106679
105735
146893
103685
66413
235542
64613
226034
203173
52111
54420
87023
51255
52370
155823
154708
242389
103078
145459
180370
116000
142974
213272
152477
66148
238951
88040
151792
170544
118651
57149
65972
222624
105318
162489
167537
243944
65307
57946
223822
204899
160718
182610
215258
166426
107969
84293
68280
218506
154717
91052
65903
56654
121237
55539
143413
244535
55798
149121
187310
213281
235536
216358
212704
231686
235540
234425
117119
73175
199464
75058
143065
180139
236044
78991
104984
109068
140580
224858
163779
145457
232194
219713
65912
176701
54070
155214
151790
220568
102068
240435
72759
105316
77273
180045
96025
231695
65305
68274
216112
88141
87819
236576
238885
135963
86708
155830
154715
145211
71471
102767
229890
228775
56652
213304
66155
235284
236478
101133
170551
209612
53502
54162
224940
223825
81566
72058
73173
130929
54529
107467
80216
188438
67172
132548
229904
218772
216463
238184
65401
151559
67539
238977
202161
71559
243427
76866
106684
71563
72757
70448
101381
162769
244625
52919
65303
110733
155824
199471
225976
154204
112875
117923
87821
108415
240878
104991
73803
67264
86016
154023
110385
216555
183736
159159
152482
66153
67097
209610
53500
122451
93293
124589
243519
142656
160723
80214
230591
107974
138538
71474
54096
134350
136488
228273
227158
102774
160375
76864
111842
117041
82684
157368
182634
183828
69498
235374
112869
156257
73180
209702
100367
92441
198354
199298
75063
225974
180144
74912
52995
91614
229402
140698
126994
232483
108672
73801
213839
67546
234366
88607
227167
87922
54100
209354
179024
242069
51194
52388
226056
204844
55127
156956
139828
95091
71570
57695
93291
52926
74647
75762
95708
65310
232130
110740
236577
109772
111508
214939
96906
137597
87657
154720
107307
54628
94592
160290
93477
106881
105002
108505
102772
53517
54632
124777
143529
182378
141900
166874
116208
55136
151912
53336
54451
234712
68836
135194
156255
157370
100820
178940
160730
225972
180142
213299
211528
213837
151564
67544
112974
228280
170575
87920
223511
51217
102781
53526
121533
120418
159610
240977
54979
156954
181017
53609
54724
148561
147446
57693
186040
237690
156264
139136
67279
68394
137595
202719
51887
107305
70639
54626
168159
94590
70898
164221
213846
189650
66438
143527
182376
60279
66442
114582
159164
72262
134787
240276
123141
77310
109266
51818
52933
141296
71489
73798
56591
237273
234813
165864
110659
216829
205697
220002
105005
54635
159604
151562
67542
135378
88603
112972
111857
170573
51215
145052
240975
67645
185633
158062
164939
66534
65419
68843
193336
64734
51293
156262
54032
138733
225470
224355
71498
124686
71752
70896
181176
217498
213844
144895
66436
233256
51224
52418
53533
158502
66440
135925
204340
153028
222236
107239
52422
54731
209985
52931
144288
165520
230448
69086
237271
63632
87662
105003
71761
54633
240890
57886
124778
144645
182379
196509
240973
90062
239002
203234
153037
64478
158060
66532
68841
51291
227097
203576
125290
77229
71496
236165
233705
213333
230799
213842
214786
227170
179282
88698
52416
54725
53531
158500
240982
99566
164070
102360
140378
54049
52420
99311
144741
146879
219227
150561
66541
54122
76127
244312
56690
121273
106738
140025
79889
144643
164339
162710
162539
66443
234912
154146
124780
143532
166902
182381
82460
214878
69779
153035
158597
183169
241504
244757
221896
227095
106135
244502
231570
133525
115203
158499
105010
158244
159188
67831
66716
124021
227452
88696
120705
240980
147195
229335
168256
54982
73734
237038
214632
171111
83496
86235
154242
203583
223529
78351
201783
54659
211027
228836
50980
108536
144132
122920
97445
97954
65869
208024
131567
119746
153033
158595
106129
107244
181822
146886
80252
111548
214979
110863
238245
145775
182849
114262
69884
68769
71086
59006
229250
144650
102636
56805
226594
109288
104519
106828
180613
92998
166997
153042
153551
69531
173247
214968
84688
55004
200612
158687
65965
109136
203581
104597
220817
182065
54657
234145
140731
142614
150234
111360
65867
66982
208022
85734
55165
223179
52705
90439
205821
72117
51849
162129
202656
54054
77424
107242
243129
99145
180705
181820
146884
145769
163327
214977
117538
63915
64859
87695
113688
132611
115997
234927
69882
123103
73393
148077
57380
58603
106743
73931
234237
149784
232696
60573
168795
65621
116500
156827
153040
190114
65959
139165
224386
76318
244503
167161
75633
143640
58505
244762
125147
166050
68267
87019
213875
234936
69891
68776
223119
138157
53305
178371
132703
66471
69974
208304
66980
152908
177260
55163
106326
107950
234329
232700
66290
234838
108977
146882
183956
233218
166578
214975
234842
201020
156385
64857
108028
91738
216085
160860
243660
51670
226532
218222
151009
139614
65874
202659
178463
54057
55172
60571
89933
156825
81891
157940
80776
202663
54061
123262
224384
129254
148006
110100
75631
244760
146891
145776
237135
78967
235619
68265
213873
234934
53303
71091
71884
52447
105919
244946
95150
94035
152906
55445
73512
161979
214381
184301
219258
111288
239634
200613
65966
179499
237834
52099
57147
239717
65970
64855
243228
54662
216083
74358
121842
166424
168733
111219
218504
222524
55170
104024
206511
158623
149115
156573
202661
55537
50998
106416
209847
148004
108984
141949
113689
118737
63920
156392
155277
64864
52103
68263
213871
226368
55189
208839
163518
234242
148620
218058
145455
121934
161977
135262
61801
161287
199873
105569
57938
76156
79659
121836
231008
68272
87024
138162
116950
235459
237768
67954
154713
205399
136900
213273
66149
234334
167694
111295
108982
214471
65038
127734
69401
156390
64862
54160
223823
207639
52360
74365
56043
109231
55187
148080
208837
92941
74448
106859
157691
207203
84915
71190
110908
233922
108223
71557
221420
209854
75749
148011
105567
73949
166592
160708
130310
213110
215248
68270
68099
87022
112585
179343
151204
154707
88475
65898
109069
122088
107440
145458
105924
154711
54619
98516
161984
66147
236391
115940
152480
151365
65036
66151
231705
172685
57152
120219
223821
92176
204898
243517
208752
166425
74363
107968
230585
76672
209950
78555
214146
208835
164120
165314
107972
65902
130235
131429
71472
84913
102768
206629
207460
244534
53488
179268
123040
161567
212703
236483
133561
117122
87813
192360
203796
55194
73002
243609
160275
224857
145456
229905
220748
163782
113375
66429
233249
67089
237867
110890
71564
200988
221001
139826
70453
55634
121332
173906
92174
51809
160181
74645
230583
95706
164907
215000
117640
69329
99873
226465
65988
71470
84911
102766
146663
53486
66154
67098
166868
160371
162680
83365
86363
151910
54528
199461
75055
72061
51108
198350
55192
180140
144089
165321
65400
213297
133236
132551
150447
66427
132125
67087
237865
52409
54718
71562
57687
243430
105856
127577
235375
148638
110732
57691
215537
111421
203035
68388
63619
112874
117922
87820
69327
54086
51626
73802
171673
53509
54624
77289
163104
66152
67096
237590
139829
114580
159162
150798
55132
139833
227000
53332
229138
57779
124592
51816
106270
208586
109773
105155
164914
231020
76535
99905
236156
180931
163803
235471
136487
11137
239404
159602
242059
221962
205778
179273
54716
71560
221536
126406
66528
233348
69497
156256
157371
202094
83910
65417
235911
68386
112872
156260
172782
208169
91613
229401
240875
191793
108671
73800
212189
234365
66434
232139
67094
238302
156955
238811
139827
68826
57694
105070
150796
52391
203732
154650
139831
51305
147451
160299
51814
63626
86462
85347
69334
244308
137341
77986
136485
62515
219819
102771
53516
54631
159600
143528
182377
243965
232148
217500
161399
79688
74919
237171
66526
184514
54024
144036
228201
223946
206818
77653
207933
51823
105162
224351
71494
72688
91611
105700
235048
77995
213836
117057
112973
131725
111858
213840
213669
150452
66432
51191
226053
156953
52414
53608
54723
90148
57692
75079
72619
146334
198908
72594
161946
90152
143624
219225
65424
127949
60885
68393
54116
86460
177666
54375
70897
158488
56258
77828
143526
53773
182375
66441
233261
153029
134786
65159
170411
69777
88700
133166
124167
244212
71488
103899
56590
241502
51821
149341
71492
54648
213325
112971
158497
244657
157386
86919
52412
54721
129405
167139
54980
72617
73732
74926
142933
164938
66533
115103
156261
114247
116556
163827
67731
65422
85118
72186
178099
240371
205205
124180
208708
208174
122380
212219
227719
182290
144894
105619
236253
65608
82452
164844
235397
154651
107238
52421
53615
54730
104244
75086
220009
106127
51310
103897
198915
74509
241500
208873
69085
148224
237270
219741
63631
66458
67823
68767
200420
158495
72278
59004
109453
167054
124781
143533
52949
106288
182382
142677
162544
73985
179898
160744
110337
164936
66531
69784
233351
227096
71495
105701
72184
57365
54655
213332
53970
57903
66183
66721
65865
208020
54048
241499
222233
75084
218032
219226
198913
104609
217176
199857
180703
145767
214691
244061
106737
225417
242628
52947
211908
214877
162542
85027
153034
65590
169987
111450
237287
69782
65957
119296
223269
106134
244501
54649
51655
127170
241845
213585
187080
53538
54653
52853
146690
68774
67659
136781
186762
139858
226595
108095
208273
229334
72030
103326
107944
106829
65863
86924
54046
241497
105209
225484
227793
76731
214969
164943
85119
235496
82125
203582
115196
214973
213858
218906
155268
108535
142615
227724
226609
217022
106994
161092
129600
166478
151007
139612
65872
202657
54055
157508
107243
72122
71007
156823
138501
209054
224382
223267
106132
198920
169295
145774
128646
129761
234928
110945
114094
159185
68772
67657
131839
150992
240752
52445
52954
217114
142966
65964
54656
166051
155266
100516
54660
76381
65866
66981
130370
164622
85733
151005
65870
202655
86931
222522
54053
159815
72120
108978
51852
146883
224380
161276
76312
148002
145772
96517
80082
219064
132610
214980
113687
234926
155275
172227
151959
68770
157667
132952
56097
168794
210548
213262
167683
218139
111284
80781
65962
200438
202747
220305
179495
102569
55089
75206
76321
143213
208739
53460
59452
107592
165193
213874
79657
162992
110785
169923
152907
222516
55162
106325
158615
227030
115407
151003
154256
224658
105214
106667
108976
166577
111293
156384
65971
64856
213354
236190
63236
66739
155273
64860
179587
73248
102915
167594
141000
70763
141338
201297
202662
54060
205401
209848
157513
100684
220558
102567
161283
160168
213872
62810
138154
116007
87020
154705
87358
152905
54329
205136
54588
73511
104807
108891
214380
229959
142971
141856
199629
235015
161982
2656
66145
155213
219261
111291
119592
100267
105315
57150
124042
239720
204896
179585
55179
166423
73246
75555
141253
218503
149554
211655
114216
234491
68101
154259
163512
171132
136196
65900
63929
202660
55536
121234
106415
157511
108983
214472
65039
232030
109672
76939
215499
81565
150002
55188
208838
51250
73338
237068
145963
218061
61800
66143
235272
213889
238804
70447
209429
114821
101380
153670
124579
54943
74639
104457
105572
231007
165482
57941
92172
164905
182693
214397
231011
131342
67953
154712
106330
153601
119859
65986
201293
54169
206341
52369
120376
108981
214470
65037
127733
72745
96266
110183
65296
82248
65041
85246
62919
136918
55186
242407
207642
222970
107973
163265
164630
221429
197233
54075
55190
207725
223738
144087
143936
78898
132119
233921
63936
209344
200187
121241
152470
209853
70445
240768
104739
74637
75752
105570
165480
117123
186541
112868
214395
154710
52309
54618
102503
73345
54167
224945
143235
163102
235020
110206
65035
66150
68288
166864
221002
138178
92175
243516
54015
204392
138716
244205
71652
178930
52215
53330
57777
104038
99874
146928
217226
83801
209342
70189
52376
53491
103539
128684
127569
165758
228862
244620
75750
155139
219187
156254
202342
203286
150800
203795
151460
153598
55193
75060
180141
171665
177657
240873
54616
107554
52566
58808
212187
233248
67088
112004
112263
232137
67092
155838
221000
139825
70452
92173
51808
106262
141536
95705
51783
231012
71479
57775
51812
143169
167199
67278
62509
85345
69332
68217
54091
159060
151919
53514
54174
123659
190768
128682
64186
215527
85247
74917
65409
155137
156252
130931
206816
123482
107298
72427
213296
163099
72686
140693
107552
144092
99455
76878
213834
135377
217233
111856
232561
137431
52408
159152
155327
226051
156951
155836
139823
53606
70450
72588
229128
129630
234263
148641
147526
219194
232747
67276
68391
218617
86028
62507
85343
120321
70895
72778
151917
53512
123657
142409
144718
90845
181258
232144
150797
139832
53331
68831
108152
71486
206814
107296
77987
218626
149677
62516
83043
219031
213832
66174
68483
135375
110660
111854
139058
138907
154895
109536
52410
53604
146076
223677
72615
74924
65416
68385
112871
185972
107046
229400
154033
234887
85341
171670
208706
107388
213841
118001
81335
238389
214868
150795
239328
179364
219891
139830
51304
53613
103127
160298
51813
140176
71484
103895
73793
159609
77985
67283
86035
186749
62514
219818
157378
158493
139056
170397
101943
83917
151924
143531
109789
52663
182380
210509
64475
53861
74922
65414
235487
131905
71493
208704
123570
107386
213668
157387
88695
207158
139574
52413
203220
87325
64748
117936
87584
109543
51302
53611
142508
75082
179900
127948
231128
219733
214430
229930
167486
86033
62512
53004
152524
53263
158232
120155
209882
77322
159714
56599
105624
77831
52945
65158
133165
153032
106128
51311
53449
68665
69780
85108
235485
81684
227092
105017
52338
71491
54647
230026
115200
117338
149682
148567
110661
139059
157385
55155
139856
130870
226593
179899
229332
106827
51839
76191
162119
92997
73731
211631
225482
227791
243119
109541
73990
75614
72620
214967
163826
164941
65421
133257
85117
105618
161595
52939
105877
208021
52943
111442
238394
118628
153030
158592
139155
106126
107241
71005
228568
223265
105015
106130
54645
144657
114088
164069
143972
233277
159717
235840
65855
157383
139061
176135
177250
139854
158606
228215
51837
52952
162117
167679
141849
236094
110336
111451
180698
65958
119297
64480
213512
232778
112478
214965
64054
115217
53539
54654
159623
52854
164078
79114
241850
57902
92133
52428
221557
242618
105875
110242
64749
65864
231569
54047
136610
225485
193355
84620
202653
201538
54051
90440
71003
104608
146881
145766
162209
219058
155269
145770
144655
114086
213863
233809
117618
152020
154158
65599
71081
51752
52946
226614
56095
51835
52950
163230
237286
64503
165877
117441
80775
138502
188997
65956
224383
223268
106133
115215
65960
85906
209138
197301
209397
54652
78966
106475
165191
74857
115034
169917
160931
137039
126425
65862
176142
86923
84614
54045
225483
239868
158613
209299
210012
156813
161009
162124
164433
243124
166316
107859
120878
214972
215402
155267
64854
86575
154582
83581
155271
154156
161091
55688
191998
51750
226612
151006
116241
216248
233121
138500
201545
209053
133961
224381
223266
106131
243133
220556
71010
148003
105730
58250
232109
141948
160166
53819
209395
122941
198752
106757
217803
86158
169915
138152
137037
238330
85473
56098
233820
152110
158611
144848
124217
213263
94115
167684
141854
114024
115218
107857
163320
165458
84548
72046
122495
74355
105822
243484
233032
203779
178468
179583
55177
123184
206518
158801
243567
211653
151004
112414
54052
105215
158620
214989
63927
114806
209051
201543
153655
148001
107866
228571
167776
141946
80081
117540
111122
68260
117114
80448
27361
116258
65888
138150
132951
85471
116767
172230
76756
102749
90205
196118
104803
243659
208894
229955
163064
167682
141852
111283
114022
65961
151355
69644
134227
55088
69218
66988
209143
160173
208742
207627
159739
104455
74353
105820
88474
106847
75551
211651
66836
118659
205141
139695
53478
240415
243668
195951
227655
139269
52108
50993
107864
95149
232105
164780
155272
135434
81899
192350
65886
54069
55184
78554
175481
55693
149129
51868
229699
233381
75643
141341
162402
214996
132092
217735
151353
208736
104449
105564
94214
178381
55090
160171
53824
120466
103338
52968
144496
234256
7346
239304
239813
65895
159047
73001
219441
65978
54332
224939
183193
53476
73343
121483
243666
227653
235273
149196
111290
65033
165747
148619
69225
55178
207634
158802
159746
52184
72051
74360
73245
52977
157946
52213
120220
55182
108654
165311
149127
213287
189091
99872
134679
65987
84910
115672
201294
88138
65732
63932
51259
52374
105562
97465
142469
129959
218579
65893
202678
153596
54076
55191
224854
144088
207192
229902
76761
209609
54614
85843
106437
73341
58806
77788
67086
214318
238803
120131
151360
68818
69223
159744
182692
52975
72842
71727
214396
231010
213285
153600
68215
65985
54168
163103
226036
73179
54172
105051
52372
54681
65040
63069
64184
131076
215525
84560
136917
55185
239300
84134
62922
65891
115939
70087
54074
207724
144086
162153
131433
144090
23187
211068
66424
232129
184412
110739
231444
200190
223389
200983
207376
208491
51266
52381
226128
104738
204916
192908
209430
240771
125010
214394
72840
219442
69324
68209
159052
219275
52312
53506
54621
180058
163101
58813
125705
143493
67093
211586
161560
76684
133667
203276
138715
52214
120221
242404
104037
208583
159751
107970
62920
107035
53412
144084
146393
71308
187321
106688
163800
51871
85688
153695
135373
111852
118245
187663
110737
239743
161398
51548
200981
244198
74918
124603
192906
143585
59565
146324
64191
52746
73807
67268
68383
87135
155142
69322
197068
106438
107553
52310
53504
54448
224942
76340
97151
58811
212190
233251
67091
60013
229129
68823
150793
67967
218774
138713
244202
51811
208581
79524
228786
146416
86029
62508
86542
65990
151918
153693
205773
173898
100826
151922
150807
79176
142414
75067
51546
52661
181263
74916
215530
118855
218783
62673
158134
155140
239418
151315
223233
113919
122370
190673
198181
144091
160642
180054
143773
165494
110744
60011
87578
52411
153785
202103
53864
72616
74925
69510
51300
72591
109086
54098
94596
68390
234888
85342
237627
159341
86031
62510
158485
87484
151916
53770
53599
57703
161419
163728
145406
142412
51828
181261
81340
213758
220008
228284
227169
148223
159614
79105
106977
125900
219030
148565
139057
83918
151925
156009
157124
234725
65062
237694
156268
53862
72614
73558
74923
233350
71503
162709
163824
127944
234377
215904
53255
159168
107387
52399
71322
72266
152349
105616
52937
59760
58645
145404
232141
117937
217581
165868
85021
234283
217948
221121
105009
106124
91179
208870
90494
167487
149674
62513
52843
120679
126842
230022
139055
151923
68847
52662
117676
138737
83920
108168
228213
146073
223674
106368
51551
72612
74921
235486
214704
172127
234375
178094
123060
53537
159621
227714
52852
72264
104420
242616
52935
104758
235392
64747
231567
87583
138462
51301
75081
202901
72621
220004
205699
105007
106122
71001
122394
169285
145764
144649
81268
213857
163831
236008
117332
80666
65597
158490
56260
159713
52151
229322
56598
105623
51829
52944
106283
157913
94532
161424
153031
92732
55487
106821
51833
162113
109790
110332
165875
85107
235484
118178
231659
65499
105016
74513
121033
109467
53535
54650
77849
57218
107667
244669
227712
105358
148570
185644
181819
135237
139855
58925
158073
64745
70056
150310
87581
225481
243118
159805
106375
109114
163825
164940
234378
105264
145762
144647
214970
213855
85120
155265
154580
52429
104423
105367
203236
242619
227721
220873
65595
105621
242623
211110
226610
52942
120778
128286
116322
115207
200428
223264
105014
53450
127019
127528
128643
165183
233276
183250
198750
73400
77847
66460
169913
137035
216945
153557
56096
116483
158605
85980
104515
51836
52951
106290
162116
163231
155699
209295
105713
106657
77499
51840
94113
140737
73561
237291
64053
165882
115216
236714
154148
73238
105365
126426
167158
242621
244759
121891
188987
64752
238249
231572
54050
69629
239873
157503
243125
229421
71002
68944
201541
114804
57386
223262
122140
127017
104611
72029
144654
103755
154157
210697
65598
172224
212751
154161
169911
137033
56094
75639
242630
210261
74528
143729
75188
212144
243657
228838
167680
141850
140735
187092
114020
150238
178377
68527
217789
236712
137728
59019
209396
52342
72038
58334
124032
66986
209141
55169
224298
53540
229346
121376
73236
111467
87357
169920
65719
191327
63919
53217
239871
157501
105720
75197
226538
73397
124731
123616
53559
52874
162210
56807
213860
163663
67396
87263
155270
154155
61942
172222
51069
55687
191997
123009
65884
54067
54576
163511
53891
94648
232264
111304
114807
220300
151351
150236
152545
133793
207619
209394
198751
72036
104447
162048
56816
59021
222951
205823
73234
181568
232704
84361
159045
81901
54585
73337
124216
65976
70343
54159
53474
74535
106662
229960
127982
69219
150245
113680
116248
87261
139618
65878
239546
203778
178467
179582
55176
243057
158629
51067
73243
72128
140135
103061
157944
211652
149125
161200
210541
238254
115920
206340
174465
52368
240420
148000
105556
106671
139274
138159
51257
229088
104445
241956
56814
65887
85470
235446
116002
239638
159043
238953
104802
73335
75644
199879
77786
149726
218141
113703
114647
150243
152552
120467
72043
103339
104454
68106
74352
179580
91054
55174
207459
159742
158627
229351
140417
73241
149119
106846
51858
59366
52973
71725
213279
211650
81199
65979
110102
112411
183967
119856
156396
65983
150433
54166
229796
72742
148086
64178
164637
73940
211669
63067
214408
84128
116255
81898
65885
153588
54068
55183
84896
149128
70085
201559
54072
159041
207722
206607
220741
104800
75642
161036
162401
217734
68276
88143
54258
117898
206259
77094
207374
51264
121580
120465
104452
243763
126457
213194
145209
229888
56821
168045
207457
159740
73523
140415
164900
52971
214392
213277
235453
219440
111299
68207
65977
115662
196124
159050
237845
53475
69405
156394
65981
64866
54164
199631
223827
78987
169429
62831
69224
138175
113539
114654
232219
165750
858
212782
214406
111998
52212
55181
104035
149126
106853
52980
213286
71732
70617
54604
243429
207720
195712
146391
166337
149130
106686
214484
139275
200182
115754
226041
52373
228350
179347
117896
51262
102425
204912
74632
59563
127570
146322
145207
229886
161650
63074
214415
84135
130930
65892
214390
67266
68205
110896
70092
152484
154793
106436
244098
77787
148107
74367
142374
169427
213891
132465
68821
51271
138711
244200
71476
84917
104033
102517
222792
213284
78407
71730
68214
136221
65984
213822
60681
166594
111844
54171
74117
105050
52371
54680
75065
180146
74914
146320
63072
214413
203281
62921
153593
144085
71309
223231
110894
105069
78391
181163
106693
243945
225623
162519
79330
72766
216115
186549
57947
160719
211071
112087
232132
68281
80640
130154
73808
72330
199304
145214
103885
93479
207746
66158
67273
230518
163878
68212
176546
85678
86367
151914
220158
75059
51538
57701
107979
161926
217831
233677
68402
159608
106178
244545
53499
72681
148559
71566
205700
105067
71311
241918
235041
75758
106691
147448
51547
226409
244197
65398
132461
117926
86459
172788
69502
137338
51801
73806
212366
214420
113127
217673
162707
67271
114325
115440
139299
101393
105076
107385
52397
71149
58810
162526
233250
145402
164384
113033
65402
54099
208580
132553
139660
159606
172625
90492
211264
141371
164741
166879
86032
148557
62511
87485
76871
110225
139053
215539
202098
138902
151921
150806
157120
105168
75066
51545
160309
108416
160284
52743
73804
128087
109614
234369
159615
172634
204338
179027
126052
137443
158504
222380
206901
51735
52929
200997
52395
178709
87577
149338
117933
86466
138460
54097
104316
228274
140171
191801
58460
108508
72957
102775
103890
207751
235576
86030
236006
62338
144901
87483
237630
52145
68839
157373
233780
202096
132996
227011
228205
56596
172809
171615
51827
93415
161422
160307
165869
91615
161931
132051
147801
234367
153112
112977
82449
159613
204336
179025
58043
227172
79104
230023
182135
54727
70999
76198
220862
73738
58919
147453
65854
139060
117677
237722
138738
196510
228214
106369
225220
63628
64743
86464
219997
243116
176476
106373
71502
162708
234376
162967
78947
237090
162712
235574
239507
176040
85456
153463
52427
242617
52936
195560
104759
105874
76202
190879
56594
207935
51825
52940
163220
227802
161420
187079
163558
168606
217947
220005
67829
68660
87412
112975
171691
105012
53527
197629
159611
241408
174768
79102
211098
230021
148562
186751
216939
171109
73736
87490
161948
238405
115366
116481
117675
138736
239858
228212
159263
55488
51834
162114
97076
165876
54377
106371
161003
182294
234374
62251
162965
83571
159620
82456
135928
119915
104248
88702
242615
226602
228911
241930
95466
116231
61243
215553
87582
149343
64750
243123
208187
71000
67827
155701
163830
127950
197627
122476
144652
212745
243974
211096
236011
65596
216937
158063
67650
66535
153553
130976
158601
51832
122407
165874
187879
230464
213336
140733
112473
164763
115212
85903
238848
208279
73401
135926
76199
227711
73739
52423
120430
121374
74428
72119
105361
226600
209986
61241
239865
158610
195150
104520
63917
115911
243121
54384
104603
129068
107856
165457
85457
149527
215996
163661
162546
67394
154153
153038
110765
65594
52432
242622
52941
227803
50891
75635
244764
52774
81200
114805
230462
218896
136526
243130
158702
208194
159362
72201
67834
80853
85901
132676
67408
238846
207083
209392
158251
72034
57215
157929
164071
140379
169912
137034
64488
214635
216944
130186
181816
129673
128558
110348
233362
218293
130190
154754
155698
117680
239863
56207
243658
227645
229954
228839
141851
140736
105545
228843
66987
73237
154151
139616
65876
178465
54059
52430
54568
72126
242620
244758
231571
52772
139268
52107
173348
84789
241612
104610
52875
95148
72032
103328
104443
94037
52958
163238
120965
56812
241954
154160
169910
137032
214633
238947
86236
65968
83242
220027
243656
228837
140734
228841
66985
150241
116499
224297
59022
208284
229345
72041
103337
73235
52967
157936
71719
75118
223186
158625
72124
149117
180458
51856
126256
164445
185481
161960
204023
69376
239870
157500
63922
155279
231936
52105
173346
51249
220378
59721
74085
52873
72740
62376
315
56810
142968
218231
65883
196109
54066
137823
238945
202413
55005
58258
244765
53890
75640
243654
124039
213878
216617
147668
114639
150235
51258
138164
114643
113528
206257
59020
122772
103335
104450
70523
7343
241961
185421
110099
78540
51854
213275
111297
235960
65975
54158
87696
53473
115998
223796
123104
109229
154592
158809
52871
164629
73932
210467
213206
68107
69222
158628
81894
65881
203781
152469
54064
158632
100688
72131
149124
148009
105736
51863
58256
70615
126263
240429
210369
149892
238253
59454
244596
165479
213876
230319
214306
232094
218390
139273
138158
114637
51256
154709
104444
94038
102928
73941
208305
206255
51260
223892
58446
125338
79507
145205
160533
116260
65890
152478
54073
159042
238952
150678
68203
118652
65973
57154
243661
101640
178929
7527
218140
182611
216090
164627
234495
115051
68105
69220
113535
159232
207458
159741
140416
212084
52972
70530
195959
207462
244536
158630
240427
149122
51861
213282
98752
128854
94927
69406
218668
65982
66412
139271
52110
173351
51254
53563
95151
102926
63066
214407
163525
145203
219180
63070
138004
162669
214411
115427
83016
153591
152476
54071
151791
106687
51870
166597
221258
222623
105317
244628
199880
105576
243943
224506
57945
160717
168734
138165
114644
206258
207373
51263
113533
159059
105140
207456
73522
103340
145212
229891
228776
56653
183739
69321
218583
68206
167192
110897
166077
213280
66156
210820
68210
69404
65980
85676
66410
153683
220832
72059
73174
178936
215007
75057
51536
107977
78990
143573
161640
84125
104034
61802
243428
53497
122698
106685
70449
72758
166595
105574
243941
113194
127579
235377
57943
147955
204402
51261
226123
67955
154714
228691
146321
145206
54088
159057
51628
176694
225012
242478
145210
228774
94840
213303
83023
110895
222376
152483
190672
198180
219099
60700
200738
139297
70203
220580
73172
232133
160724
113027
79673
231022
163267
71739
169430
84916
113540
151558
227159
107794
78406
146413
243426
53495
228357
70902
229981
162768
86368
83908
151915
183833
67699
150804
112615
74120
75064
124936
63071
214412
103620
110384
162674
213301
216554
148970
223059
238809
238275
115941
152481
105068
52389
241919
55128
106692
139295
68828
57696
93292
52927
120934
51278
197860
52393
232131
165491
141970
160722
65399
69503
202100
137598
69336
137343
239659
228013
54095
104314
228272
227157
52295
57343
242485
125179
102773
230517
161568
53493
76863
70900
116209
147438
151913
51028
68837
57700
232140
132994
150802
75062
140438
160305
64038
68401
213838
114491
67545
151565
117059
203219
179023
105066
200989
242068
51193
52387
226055
71310
106690
242577
70454
147447
139054
75761
211352
64737
65397
234805
106367
137596
51550
54118
51888
107306
54093
70899
71500
164222
74298
162706
233259
216302
162681
113130
218699
238282
139298
114583
159165
151911
158054
68835
51819
52934
106273
104757
141297
76200
73799
130160
160303
234280
138544
150903
151563
67543
88604
143170
103465
130869
51216
205526
179021
79100
105857
206979
76870
148560
147445
215538
132997
67729